programa |  |  | 3 | 1
id | teste |  | 3 | 10
; |  |  | 3 | 15
real |  |  | 4 | 1
id | x |  | 4 | 6
, |  |  | 4 | 7
id | y |  | 4 | 9
, |  |  | 4 | 10
id | z |  | 4 | 12
; |  |  | 4 | 13
real |  |  | 5 | 1
id | a |  | 5 | 6
, |  |  | 5 | 7
id | b |  | 5 | 9
, |  |  | 5 | 10
id | c |  | 5 | 12
; |  |  | 5 | 13
begin |  |  | 6 | 1
begin |  |  | 7 | 4
id | i1 |  | 8 | 7
:= |  |  | 8 | 10
( |  |  | 8 | 13
( |  |  | 8 | 14
id | i2 |  | 8 | 15
+ |  |  | 8 | 18
numerico |  | 10.22222 | 8 | 20
) |  |  | 8 | 28
+ |  |  | 8 | 29
( |  |  | 8 | 30
id | xj |  | 8 | 31
* |  |  | 8 | 34
numerico |  | 15 | 8 | 36
/ |  |  | 8 | 39
id | k |  | 8 | 41
* |  |  | 8 | 43
( |  |  | 8 | 44
numerico |  | 9 | 8 | 45
) |  |  | 8 | 46
) |  |  | 8 | 47
) |  |  | 8 | 48
+ |  |  | 8 | 49
( |  |  | 8 | 50
) |  |  | 8 | 51
; |  |  | 8 | 52
if |  |  | 9 | 7
( |  |  | 9 | 10
( |  |  | 9 | 11
id | x |  | 9 | 12
= |  |  | 9 | 14
numerico |  | 20 | 9 | 16
) |  |  | 9 | 18
and |  |  | 9 | 20
( |  |  | 9 | 24
id | y |  | 9 | 25
<> |  |  | 9 | 26
numerico |  | 10 | 9 | 28
) |  |  | 9 | 30
) |  |  | 9 | 31
then |  |  | 9 | 33
all |  |  | 10 | 10
( |  |  | 10 | 14
id | l1 |  | 10 | 15
) |  |  | 10 | 17
; |  |  | 10 | 18
while |  |  | 11 | 10
( |  |  | 11 | 16
id | x |  | 11 | 17
= |  |  | 11 | 19
numerico |  | 10 | 11 | 21
) |  |  | 11 | 23
do |  |  | 11 | 25
id | x |  | 12 | 13
:= |  |  | 12 | 15
numerico |  | 5 | 12 | 18
+ |  |  | 12 | 19
numerico |  | 5 | 12 | 20
; |  |  | 12 | 21
end |  |  | 13 | 10
; |  |  | 13 | 13
end |  |  | 14 | 7
; |  |  | 14 | 10
end |  |  | 15 | 4
; |  |  | 15 | 7
end |  |  | 16 | 1
. |  |  | 16 | 4
